"species","x","y","elev","wc2.1_10m_bio_1_s","wc2.1_10m_bio_10_s"
"background",1,1,75,26.1709995269775,26.503999710083
"background",2,2,339,26.8810005187988,27.4589996337891
"background",3,3,806,24.0009994506836,24.3500003814697
"background",4,4,1712,19.3990001678467,19.9230003356934
"background",5,5,51,26.326000213623,26.6319999694824
"background",6,6,688,24.4790000915527,24.7740001678467
"background",7,7,3530,7.59600019454956,7.80999994277954
"background",8,8,2801,11.7709999084473,12.0200004577637
"background",9,9,513,24.1030006408691,24.4449996948242
"background",10,10,2844,11.8120002746582,11.9940004348755
"background",11,11,2063,16.6599998474121,16.9519996643066
"background",12,12,58,26.3880004882812,26.6949996948242
"background",13,13,2808,11.9069995880127,12.0959997177124
"background",14,14,1384,21.0030002593994,21.2140007019043
"background",15,15,2022,16.4839992523193,16.67799949646
"background",16,16,2012,16.7880001068115,17.0060005187988
"background",17,17,425,25.0109996795654,25.2229995727539
"background",18,18,1561,19.9479999542236,20.2849998474121
"background",19,19,486,25.4389991760254,25.8010005950928
"background",20,20,325,25.7089996337891,26.0550003051758
"background",21,21,185,26.2819995880127,26.6259994506836
"background",22,22,147,25.8880004882812,26.2070007324219
"background",23,23,2135,16.7810001373291,17.1490001678467
"background",24,24,2109,16.5939998626709,16.878999710083
"background",25,25,3609,7.36999988555908,7.60799980163574
"background",26,26,2296,16.1380004882812,16.5860004425049
"background",27,27,80,26.5170001983643,26.798999786377
"background",28,28,960,23.7569999694824,24.007999420166
"background",29,29,882,23.2649993896484,23.67799949646
"background",30,30,653,23.7609996795654,24.0289993286133
"background",31,31,92,26.1159992218018,26.4330005645752
"background",32,32,123,25.9729995727539,26.2849998474121
"background",33,33,1791,18.1790008544922,18.3759994506836
"background",34,34,1009,22.7630004882812,23.1870002746582
"background",35,35,1154,22.7159996032715,23.1310005187988
"background",36,36,43,27.07200050354,27.367000579834
"background",37,37,1876,17.7479991912842,18.0090007781982
"background",38,38,1730,18.1709995269775,18.4759998321533
"background",39,39,3172,9.77799987792969,10.0019998550415
"background",40,40,243,27.2689990997314,27.6429996490479
"background",41,41,2380,14.7559995651245,14.9969997406006
"background",42,42,44,26.3419990539551,26.6800003051758
"background",43,43,1237,21.7159996032715,21.9759998321533
"background",44,44,2392,15.0939998626709,15.3579998016357
"background",45,45,2560,14.2519998550415,14.6180000305176
"background",46,46,953,23.6989994049072,24.3309993743896
"background",47,47,1144,21.5480003356934,21.943000793457
"background",48,48,981,23.1149997711182,23.4300003051758
"background",49,49,47,26.1240005493164,26.4740009307861
"background",50,50,974,23.503999710083,23.7299995422363
"background",51,51,672,24.6240005493164,24.9559993743896
"background",52,52,1358,20.3150005340576,20.6000003814697
"background",53,53,1412,20.7019996643066,21.0030002593994
"background",54,54,1048,22.0189990997314,22.2830009460449
"background",55,55,1044,23.2900009155273,23.5540008544922
"background",56,56,1592,20.7430000305176,21.1669998168945
"background",57,57,1483,20.9020004272461,21.2569999694824
"background",58,58,349,25.0319995880127,25.30299949646
"background",59,59,2133,16.632999420166,17.0779991149902
"background",60,60,2368,14.6059999465942,14.875
"background",61,61,1244,21.7770004272461,22.0370006561279
"background",62,62,210,26.0709991455078,26.4069995880127
"background",63,63,838,23.3689994812012,23.8680000305176
