"species","x","y","elev","wc2.1_10m_bio_1_s","wc2.1_10m_bio_10_s"
"background",1,1,1360,20.9160003662109,21.1420001983643
"background",2,2,738,24.3229999542236,24.6959991455078
"background",3,3,1331,21.1340007781982,21.4389991760254
"background",4,4,1175,22.3610000610352,22.6380004882812
"background",5,5,1581,20.1389999389648,20.5809993743896
"background",6,6,1606,18.9060001373291,19.181999206543
"background",7,7,1543,19.867000579834,20.1159992218018
"background",8,8,1587,19.4409999847412,19.7719993591309
"background",9,9,2135,16.7810001373291,17.1490001678467
"background",10,10,1154,22.7159996032715,23.1310005187988
"background",11,11,1110,22.613000869751,22.9060001373291
"background",12,12,1623,19.746000289917,20.3549995422363
"background",13,13,2059,16.7229995727539,17.0659999847412
"background",14,14,1864,17.4570007324219,17.6490001678467
"background",15,15,2133,16.632999420166,17.0779991149902
"background",16,16,1208,22.1959991455078,22.6469993591309
"background",17,17,1647,19.1749992370605,19.363000869751
"background",18,18,1174,22.6009998321533,23.0699996948242
"background",19,19,1876,17.7479991912842,18.0090007781982
"background",20,20,846,23.0769996643066,23.625
"background",21,21,31,26.1180000305176,26.443000793457
"background",22,22,1321,21.3150005340576,21.6809997558594
"background",23,23,1146,21.3120002746582,21.6149997711182
"background",24,24,3094,10.0550003051758,10.2659997940063
"background",25,25,439,25.3040008544922,25.6539993286133
"background",26,26,1475,19.05299949646,19.3920001983643
"background",27,27,1265,21.6909999847412,22.2600002288818
"background",28,28,2706,12.3059997558594,12.5319995880127
"background",29,29,61,26.1720008850098,26.496000289917
"background",30,30,2032,18.3390007019043,18.8110008239746
"background",31,31,1655,18.378999710083,18.6770000457764
"background",32,32,838,23.3689994812012,23.8680000305176
"background",33,33,672,24.6240005493164,24.9559993743896
"background",34,34,2329,15.0200004577637,15.3050003051758
"background",35,35,2681,12.6280002593994,12.8730001449585
"background",36,36,50,25.9139995574951,26.2819995880127
"background",37,37,2383,15.168999671936,15.6319999694824
"background",38,38,2417,15.66100025177,16.0790004730225
"background",39,39,386,25.0620002746582,25.4060001373291
"background",40,40,1312,21.2150001525879,21.548999786377
"background",41,41,1093,22.6019992828369,22.8939990997314
"background",42,42,1296,22.0149993896484,22.4909992218018
"background",43,43,44,26.3419990539551,26.6800003051758
"background",44,44,1510,20.3850002288818,20.8390007019043
"background",45,45,486,25.4389991760254,25.8010005950928
"background",46,46,1840,17.3400001525879,17.5779991149902
"background",47,47,2560,14.2519998550415,14.6180000305176
"background",48,48,311,25.2199993133545,25.5450000762939
"background",49,49,123,26.378999710083,26.6749992370605
"background",50,50,977,23.5890007019043,23.9689998626709
"background",51,51,3120,10.0229997634888,10.2580003738403
"background",52,52,1384,21.0030002593994,21.2140007019043
"background",53,53,1466,20.9050006866455,21.3439998626709
"background",54,54,47,26.1240005493164,26.4740009307861
"background",55,55,1629,19.8959999084473,20.298999786377
"background",56,56,830,22.6529998779297,23.0349998474121
"background",57,57,486,24.9810009002686,25.613000869751
"background",58,58,1280,22.0590000152588,22.5060005187988
"background",59,59,1948,17.0330009460449,17.3040008544922
"background",60,60,3111,10.1239995956421,10.3360004425049
"background",61,61,1077,23.1909999847412,23.4710006713867
"background",62,62,662,23.4680004119873,23.8360004425049
"background",63,63,1144,21.5480003356934,21.943000793457
