"species","x","y","elev","wc2.1_10m_bio_1_s","wc2.1_10m_bio_10_s"
"background",1,1,1475,19.05299949646,19.3920001983643
"background",2,2,88,26.951000213623,27.257999420166
"background",3,3,1384,21.0030002593994,21.2140007019043
"background",4,4,2157,15.628999710083,15.9340000152588
"background",5,5,1557,19.5419998168945,19.7490005493164
"background",6,6,2109,16.5939998626709,16.878999710083
"background",7,7,1898,16.8139991760254,17.2189998626709
"background",8,8,79,26.7040004730225,27.0069999694824
"background",9,9,427,25.0860004425049,25.4640007019043
"background",10,10,1048,22.0189990997314,22.2830009460449
"background",11,11,1312,21.2150001525879,21.548999786377
"background",12,12,830,22.6529998779297,23.0349998474121
"background",13,13,1784,17.9099998474121,18.2159996032715
"background",14,14,2673,12.4680004119873,12.6700000762939
"background",15,15,608,24.80299949646,25.1959991455078
"background",16,16,882,23.2649993896484,23.67799949646
"background",17,17,990,22.371000289917,22.761999130249
"background",18,18,1583,19.5750007629395,19.8819999694824
"background",19,19,210,26.0709991455078,26.4069995880127
"background",20,20,2296,16.1380004882812,16.5860004425049
"background",21,21,2665,13.5590000152588,13.8819999694824
"background",22,22,1022,22.4060001373291,22.701000213623
"background",23,23,425,25.0109996795654,25.2229995727539
"background",24,24,1510,20.3850002288818,20.8390007019043
"background",25,25,1583,19.5100002288818,19.9220008850098
"background",26,26,1325,21.4740009307861,22.0149993896484
"background",27,27,2417,15.66100025177,16.0790004730225
"background",28,28,1490,20.0580005645752,20.2679996490479
