"species","x","y","elev","wc2.1_10m_bio_1_s","wc2.1_10m_bio_10_s"
"species",1,1,1655,18.378999710083,18.6770000457764
"species",2,2,1533,19.6590003967285,20.0009994506836
"species",3,3,2238,15.3769998550415,15.6780004501343
"species",4,4,2665,13.5590000152588,13.8819999694824
"species",5,5,2191,15.7609996795654,16.0340003967285
"species",6,6,1928,16.9160003662109,17.2490005493164
"species",7,7,2560,14.2519998550415,14.6180000305176
"species",8,8,2560,14.2519998550415,14.6180000305176
"species",9,9,1928,16.9160003662109,17.2490005493164
"species",10,10,1948,17.0330009460449,17.3040008544922
"species",11,11,1871,17.4780006408691,17.6709995269775
"species",12,12,1475,19.05299949646,19.3920001983643
"species",13,13,2380,14.7559995651245,14.9969997406006
"species",14,14,979,22.5610008239746,22.9519996643066
