"species","x","y","elev","wc2.1_10m_bio_1_s","wc2.1_10m_bio_10_s"
"background",1,1,1094,21.7639999389648,22.3390007019043
"background",2,2,123,26.378999710083,26.6749992370605
"background",3,3,210,26.0709991455078,26.4069995880127
"background",4,4,2268,16.2870006561279,16.882999420166
"background",5,5,1154,22.4150009155273,22.6490001678467
"background",6,6,846,23.0769996643066,23.625
"background",7,7,938,23.6949996948242,24.2269992828369
"background",8,8,1483,20.9020004272461,21.2569999694824
"background",9,9,2197,15.5059995651245,15.7349996566772
"background",10,10,1642,18.9370002746582,19.2709999084473
"background",11,11,608,24.80299949646,25.1959991455078
"background",12,12,953,23.6989994049072,24.3309993743896
"background",13,13,2348,14.6440000534058,14.8719997406006
"background",14,14,24,26.2719993591309,26.5909996032715
"background",15,15,1360,20.9160003662109,21.1420001983643
"background",16,16,2801,11.7709999084473,12.0200004577637
"background",17,17,1821,18.1299991607666,18.2870006561279
"background",18,18,1896,17.4139995574951,17.6049995422363
"background",19,19,2109,16.5939998626709,16.878999710083
"background",20,20,716,24.4120006561279,24.7609996795654
"background",21,21,970,23.7360000610352,24.0069999694824
"background",22,22,1258,22.0869998931885,22.5209999084473
"background",23,23,501,25.1720008850098,25.5170001983643
"background",24,24,1175,22.3610000610352,22.6380004882812
"background",25,25,2238,15.3769998550415,15.6780004501343
"background",26,26,1048,22.0189990997314,22.2830009460449
"background",27,27,1330,20.6979999542236,21.1009998321533
"background",28,28,2417,15.66100025177,16.0790004730225
"background",29,29,349,25.0319995880127,25.30299949646
"background",30,30,185,26.2819995880127,26.6259994506836
"background",31,31,1009,22.7630004882812,23.1870002746582
"background",32,32,2256,15.8859996795654,16.1700000762939
"background",33,33,1922,17.7129993438721,18.0179996490479
"background",34,34,1174,22.0370006561279,22.3689994812012
"background",35,35,279,25.3490009307861,25.636999130249
"background",36,36,1077,23.1909999847412,23.4710006713867
"background",37,37,2808,11.9069995880127,12.0959997177124
"background",38,38,1144,22.0259990692139,22.5879993438721
"background",39,39,1466,20.9050006866455,21.3439998626709
"background",40,40,445,25.4260005950928,25.9710006713867
"background",41,41,31,26.1180000305176,26.443000793457
"background",42,42,838,23.3689994812012,23.8680000305176
"background",43,43,604,24.9270000457764,25.2719993591309
"background",44,44,1948,17.0330009460449,17.3040008544922
"background",45,45,1665,20.2250003814697,20.7479991912842
"background",46,46,1657,19.05299949646,19.3010005950928
"background",47,47,1998,16.875,17.0699996948242
"background",48,48,1388,20.4099998474121,20.701000213623
"background",49,49,1109,21.6580009460449,21.9029998779297
"background",50,50,690,23.9349994659424,24.1809997558594
"background",51,51,44,26.3419990539551,26.6800003051758
"background",52,52,2383,15.168999671936,15.6319999694824
"background",53,53,41,26.0189990997314,26.375
"background",54,54,1830,17.5869998931885,17.8460006713867
"background",55,55,981,23.1149997711182,23.4300003051758
"background",56,56,1293,21.3479995727539,21.7919998168945
"background",57,57,98,26.548999786377,26.8490009307861
"background",58,58,64,26.6650009155273,26.9540004730225
"background",59,59,1793,19.6060009002686,20.1959991455078
"background",60,60,1694,19.9249992370605,20.2940006256104
"background",61,61,4006,5.01399993896484,5.25699996948242
"background",62,62,2972,11.2969999313354,11.4670000076294
"background",63,63,2844,11.8120002746582,11.9940004348755
