"species","x","y","elev","wc2.1_10m_bio_1_s","wc2.1_10m_bio_10_s"
"background",1,1,339,26.8810005187988,27.4589996337891
"background",2,2,806,24.0009994506836,24.3500003814697
"background",3,3,1712,19.3990001678467,19.9230003356934
"background",4,4,51,26.326000213623,26.6319999694824
"background",5,5,688,24.4790000915527,24.7740001678467
"background",6,6,3530,7.59600019454956,7.80999994277954
"background",7,7,2801,11.7709999084473,12.0200004577637
"background",8,8,513,24.1030006408691,24.4449996948242
"background",9,9,2844,11.8120002746582,11.9940004348755
"background",10,10,2063,16.6599998474121,16.9519996643066
"background",11,11,58,26.3880004882812,26.6949996948242
"background",12,12,2808,11.9069995880127,12.0959997177124
"background",13,13,1384,21.0030002593994,21.2140007019043
"background",14,14,2022,16.4839992523193,16.67799949646
"background",15,15,2012,16.7880001068115,17.0060005187988
"background",16,16,1561,19.9479999542236,20.2849998474121
"background",17,17,486,25.4389991760254,25.8010005950928
"background",18,18,325,25.7089996337891,26.0550003051758
"background",19,19,185,26.2819995880127,26.6259994506836
"background",20,20,2135,16.7810001373291,17.1490001678467
"background",21,21,2109,16.5939998626709,16.878999710083
"background",22,22,3609,7.36999988555908,7.60799980163574
"background",23,23,2296,16.1380004882812,16.5860004425049
"background",24,24,80,26.5170001983643,26.798999786377
"background",25,25,960,23.7569999694824,24.007999420166
"background",26,26,882,23.2649993896484,23.67799949646
"background",27,27,1791,18.1790008544922,18.3759994506836
"background",28,28,1009,22.7630004882812,23.1870002746582
"background",29,29,1154,22.7159996032715,23.1310005187988
"background",30,30,43,27.07200050354,27.367000579834
"background",31,31,1876,17.7479991912842,18.0090007781982
"background",32,32,1730,18.1709995269775,18.4759998321533
"background",33,33,3172,9.77799987792969,10.0019998550415
"background",34,34,243,27.2689990997314,27.6429996490479
"background",35,35,2380,14.7559995651245,14.9969997406006
"background",36,36,44,26.3419990539551,26.6800003051758
"background",37,37,1237,21.7159996032715,21.9759998321533
"background",38,38,2392,15.0939998626709,15.3579998016357
"background",39,39,2560,14.2519998550415,14.6180000305176
"background",40,40,1144,21.5480003356934,21.943000793457
"background",41,41,981,23.1149997711182,23.4300003051758
"background",42,42,47,26.1240005493164,26.4740009307861
"background",43,43,974,23.503999710083,23.7299995422363
"background",44,44,672,24.6240005493164,24.9559993743896
"background",45,45,1412,20.7019996643066,21.0030002593994
"background",46,46,1044,23.2900009155273,23.5540008544922
"background",47,47,1592,20.7430000305176,21.1669998168945
"background",48,48,1483,20.9020004272461,21.2569999694824
"background",49,49,2133,16.632999420166,17.0779991149902
"background",50,50,2368,14.6059999465942,14.875
"background",51,51,1244,21.7770004272461,22.0370006561279
"background",52,52,210,26.0709991455078,26.4069995880127
"background",53,53,838,23.3689994812012,23.8680000305176
