"species","x","y","elev","wc2.1_10m_bio_1_s","wc2.1_10m_bio_10_s"
"species",1,1,1540,19.55299949646,19.8110008239746
"species",2,2,1540,19.55299949646,19.8110008239746
"species",3,3,1540,19.55299949646,19.8110008239746
"species",4,4,1655,18.378999710083,18.6770000457764
"species",5,5,1540,19.55299949646,19.8110008239746
"species",6,6,2197,15.5059995651245,15.7349996566772
"species",7,7,1834,17.7630004882812,18.0109996795654
"species",8,8,1388,20.4099998474121,20.701000213623
"species",9,9,1540,19.55299949646,19.8110008239746
"species",10,10,1858,17.6000003814697,17.8939990997314
"species",11,11,1540,19.55299949646,19.8110008239746
"species",12,12,1655,18.378999710083,18.6770000457764
"species",13,13,1773,18.0919990539551,18.2819995880127
"species",14,14,1834,17.7630004882812,18.0109996795654
"species",15,15,2179,15.6840000152588,15.91100025177
"species",16,16,1730,18.1709995269775,18.4759998321533
"species",17,17,2197,15.5059995651245,15.7349996566772
"species",18,18,1773,18.0919990539551,18.2819995880127
"species",19,19,1834,17.7630004882812,18.0109996795654
"species",20,20,1655,18.378999710083,18.6770000457764
"species",21,21,1840,17.3400001525879,17.5779991149902
"species",22,22,1840,17.3400001525879,17.5779991149902
"species",23,23,1864,17.4570007324219,17.6490001678467
"species",24,24,1475,20.2140007019043,20.4060001373291
"species",25,25,2197,15.5059995651245,15.7349996566772
"species",26,26,1475,20.2140007019043,20.4060001373291
"species",27,27,2197,15.5059995651245,15.7349996566772
"species",28,28,1464,21.0860004425049,21.6110000610352
"species",29,29,2197,15.5059995651245,15.7349996566772
"species",30,30,1475,20.2140007019043,20.4060001373291
"species",31,31,1464,21.0860004425049,21.6110000610352
"species",32,32,1182,22.1180000305176,22.6359996795654
"species",33,33,1235,21.8360004425049,22.0380001068115
"species",34,34,1394,20.1809997558594,20.507999420166
"species",35,35,1475,20.2140007019043,20.4060001373291
"species",36,36,1237,21.7159996032715,21.9759998321533
"species",37,37,1388,20.4099998474121,20.701000213623
"species",38,38,1296,22.0149993896484,22.4909992218018
"species",39,39,1773,18.0919990539551,18.2819995880127
"species",40,40,1172,22.1340007781982,22.3929996490479
"species",41,41,2197,15.5059995651245,15.7349996566772
"species",42,42,1864,17.4570007324219,17.6490001678467
"species",43,43,1840,17.3400001525879,17.5779991149902
"species",44,44,1840,17.3400001525879,17.5779991149902
"species",45,45,1296,22.0149993896484,22.4909992218018
"species",46,46,1876,17.7479991912842,18.0090007781982
"species",47,47,1464,21.0860004425049,21.6110000610352
"species",48,48,1886,17.9589996337891,18.318000793457
"species",49,49,1182,22.1180000305176,22.6359996795654
"species",50,50,1948,17.0330009460449,17.3040008544922
"species",51,51,2197,15.5059995651245,15.7349996566772
"species",52,52,2673,12.4680004119873,12.6700000762939
"species",53,53,1655,18.378999710083,18.6770000457764
"species",54,54,4006,5.01399993896484,5.25699996948242
"species",55,55,2197,15.5059995651245,15.7349996566772
"species",56,56,2179,15.6840000152588,15.91100025177
"species",57,57,1655,18.378999710083,18.6770000457764
"species",58,58,1540,19.55299949646,19.8110008239746
"species",59,59,1864,17.4570007324219,17.6490001678467
"species",60,60,1948,17.0330009460449,17.3040008544922
"species",61,61,1540,19.55299949646,19.8110008239746
"species",62,62,1464,21.0860004425049,21.6110000610352
"species",63,63,2197,15.5059995651245,15.7349996566772
"species",64,64,4006,5.01399993896484,5.25699996948242
"species",65,65,1540,19.55299949646,19.8110008239746
"species",66,66,1540,19.55299949646,19.8110008239746
"species",67,67,1464,21.0860004425049,21.6110000610352
"species",68,68,2673,12.4680004119873,12.6700000762939
"species",69,69,1655,18.378999710083,18.6770000457764
"species",70,70,2197,15.5059995651245,15.7349996566772
"species",71,71,1265,21.6909999847412,22.2600002288818
"species",72,72,1464,21.0860004425049,21.6110000610352
"species",73,73,1387,20.5259990692139,20.8059997558594
"species",74,74,1540,19.55299949646,19.8110008239746
"species",75,75,1840,17.3400001525879,17.5779991149902
"species",76,76,1475,20.2140007019043,20.4060001373291
"species",77,77,1540,19.55299949646,19.8110008239746
"species",78,78,1834,17.7630004882812,18.0109996795654
"species",79,79,1840,17.3400001525879,17.5779991149902
"species",80,80,1475,20.2140007019043,20.4060001373291
"species",81,81,1655,18.378999710083,18.6770000457764
"species",82,82,2191,15.7609996795654,16.0340003967285
"species",83,83,1540,19.55299949646,19.8110008239746
"species",84,84,1655,18.378999710083,18.6770000457764
"species",85,85,1475,20.2140007019043,20.4060001373291
"species",86,86,1475,20.2140007019043,20.4060001373291
"species",87,87,2721,12.4720001220703,12.6890001296997
"species",88,88,1834,17.7630004882812,18.0109996795654
"species",89,89,1557,19.5419998168945,19.7490005493164
"species",90,90,1773,18.0919990539551,18.2819995880127
"species",91,91,1540,19.55299949646,19.8110008239746
"species",92,92,1655,18.378999710083,18.6770000457764
"species",93,93,1623,19.746000289917,20.3549995422363
"species",94,94,1858,17.6000003814697,17.8939990997314
"species",95,95,1655,18.378999710083,18.6770000457764
"species",96,96,1464,21.0860004425049,21.6110000610352
"species",97,97,1404,20.7240009307861,21.0300006866455
"species",98,98,1022,22.4060001373291,22.701000213623
"species",99,99,1235,21.8360004425049,22.0380001068115
"species",100,100,1840,17.3400001525879,17.5779991149902
"species",101,101,1858,17.6000003814697,17.8939990997314
"species",102,102,1623,19.746000289917,20.3549995422363
"species",103,103,1840,17.3400001525879,17.5779991149902
"species",104,104,1655,18.378999710083,18.6770000457764
"species",105,105,2673,12.4680004119873,12.6700000762939
"species",106,106,1858,17.6000003814697,17.8939990997314
"species",107,107,1540,19.55299949646,19.8110008239746
"species",108,108,1858,17.6000003814697,17.8939990997314
"species",109,109,1540,19.55299949646,19.8110008239746
"species",110,110,1840,17.3400001525879,17.5779991149902
"species",111,111,1840,17.3400001525879,17.5779991149902
"species",112,112,1237,21.7159996032715,21.9759998321533
"species",113,113,1475,20.2140007019043,20.4060001373291
"species",114,114,1475,20.2140007019043,20.4060001373291
"species",115,115,1475,20.2140007019043,20.4060001373291
"species",116,116,1773,18.0919990539551,18.2819995880127
"species",117,117,2197,15.5059995651245,15.7349996566772
"species",118,118,1490,20.0580005645752,20.2679996490479
"species",119,119,2197,15.5059995651245,15.7349996566772
"species",120,120,2197,15.5059995651245,15.7349996566772
"species",121,121,2197,15.5059995651245,15.7349996566772
"species",122,122,1557,19.5419998168945,19.7490005493164
"species",123,123,1182,22.1180000305176,22.6359996795654
"species",124,124,4006,5.01399993896484,5.25699996948242
"species",125,125,1475,20.2140007019043,20.4060001373291
"species",126,126,1543,19.867000579834,20.1159992218018
"species",127,127,1543,19.867000579834,20.1159992218018
"species",128,128,1237,21.7159996032715,21.9759998321533
"species",129,129,1886,17.9589996337891,18.318000793457
"species",130,130,2197,15.5059995651245,15.7349996566772
"species",131,131,1557,19.5419998168945,19.7490005493164
"species",132,132,2673,12.4680004119873,12.6700000762939
"species",133,133,1235,21.8360004425049,22.0380001068115
"species",134,134,1730,18.1709995269775,18.4759998321533
"species",135,135,2197,15.5059995651245,15.7349996566772
"species",136,136,2197,15.5059995651245,15.7349996566772
"species",137,137,1557,19.5419998168945,19.7490005493164
"species",138,138,2197,15.5059995651245,15.7349996566772
"species",139,139,1387,20.5259990692139,20.8059997558594
"species",140,140,1876,17.7479991912842,18.0090007781982
"species",141,141,1540,19.55299949646,19.8110008239746
"species",142,142,1655,18.378999710083,18.6770000457764
"species",143,143,1834,17.7630004882812,18.0109996795654
"species",144,144,1475,20.2140007019043,20.4060001373291
"species",145,145,1235,21.8360004425049,22.0380001068115
"species",146,146,1864,17.4570007324219,17.6490001678467
"species",147,147,1154,22.4150009155273,22.6490001678467
"species",148,148,1235,21.8360004425049,22.0380001068115
"species",149,149,1540,19.55299949646,19.8110008239746
"species",150,150,1858,17.6000003814697,17.8939990997314
"species",151,151,1623,19.746000289917,20.3549995422363
"species",152,152,2721,12.4720001220703,12.6890001296997
"species",153,153,1235,21.8360004425049,22.0380001068115
"species",154,154,1557,19.5419998168945,19.7490005493164
"species",155,155,1840,17.3400001525879,17.5779991149902
"species",156,156,1235,21.8360004425049,22.0380001068115
"species",157,157,1475,20.2140007019043,20.4060001373291
"species",158,158,1475,20.2140007019043,20.4060001373291
"species",159,159,1404,20.7240009307861,21.0300006866455
"species",160,160,2721,12.4720001220703,12.6890001296997
"species",161,161,1730,18.1709995269775,18.4759998321533
"species",162,162,1540,19.55299949646,19.8110008239746
"species",163,163,1876,17.7479991912842,18.0090007781982
"species",164,164,1144,21.5480003356934,21.943000793457
"species",165,165,2179,15.6840000152588,15.91100025177
"species",166,166,1464,21.0860004425049,21.6110000610352
"species",167,167,1475,20.3390007019043,20.5919990539551
"species",168,168,1834,17.7630004882812,18.0109996795654
"species",169,169,1072,21.2819995880127,21.6299991607666
