"species","x","y","elev","wc2.1_10m_bio_1_s","wc2.1_10m_bio_10_s"
"background",1,1,296,26.9790000915527,27.2959995269775
"background",2,2,1412,20.7019996643066,21.0030002593994
"background",3,3,386,25.0620002746582,25.4060001373291
"background",4,4,1404,20.7240009307861,21.0300006866455
"background",5,5,1172,22.1340007781982,22.3929996490479
"background",6,6,806,24.0009994506836,24.3500003814697
"background",7,7,2234,16.3169994354248,16.6580009460449
"background",8,8,1658,19.0769996643066,19.2849998474121
"background",9,9,838,23.3689994812012,23.8680000305176
"background",10,10,2522,14.7030000686646,15.2410001754761
"background",11,11,1644,18.7099990844727,18.9689998626709
"background",12,12,1360,20.9160003662109,21.1420001983643
"background",13,13,1636,19.9860000610352,20.3899993896484
"background",14,14,763,24.5139999389648,24.8449993133545
"background",15,15,1895,17.8799991607666,18.2059993743896
"background",16,16,70,26.8659992218018,27.1669998168945
"background",17,17,2366,14.7430000305176,14.9320001602173
"background",18,18,43,27.07200050354,27.367000579834
"background",19,19,1830,18.1380004882812,18.30299949646
"background",20,20,977,23.5890007019043,23.9689998626709
"background",21,21,441,24.67799949646,25.0109996795654
"background",22,22,1634,19.9489994049072,20.3279991149902
"background",23,23,3344,8.6899995803833,8.90100002288818
"background",24,24,444,24.6720008850098,25.0340003967285
"background",25,25,1175,22.3610000610352,22.6380004882812
"background",26,26,1237,21.7159996032715,21.9759998321533
"background",27,27,4006,5.01399993896484,5.25699996948242
"background",28,28,486,24.9810009002686,25.613000869751
"background",29,29,2398,15.8439998626709,16.382999420166
"background",30,30,2469,13.9910001754761,14.164999961853
"background",31,31,1821,18.1299991607666,18.2870006561279
"background",32,32,1152,22.761999130249,23.2320003509521
"background",33,33,1144,22.0259990692139,22.5879993438721
"background",34,34,846,23.0769996643066,23.625
"background",35,35,1655,18.378999710083,18.6770000457764
"background",36,36,1665,20.2250003814697,20.7479991912842
"background",37,37,3111,10.1239995956421,10.3360004425049
"background",38,38,1791,18.1790008544922,18.3759994506836
"background",39,39,1928,16.9160003662109,17.2490005493164
"background",40,40,2063,16.6599998474121,16.9519996643066
"background",41,41,662,23.4680004119873,23.8360004425049
"background",42,42,1871,17.4780006408691,17.6709995269775
"background",43,43,1646,19.9540004730225,20.3729991912842
"background",44,44,2673,12.4680004119873,12.6700000762939
"background",45,45,2665,13.5590000152588,13.8819999694824
"background",46,46,234,25.5939998626709,25.9419994354248
"background",47,47,2368,14.6059999465942,14.875
"background",48,48,2264,16.4939994812012,16.8990001678467
"background",49,49,1009,22.7630004882812,23.1870002746582
"background",50,50,2674,13.746000289917,14.2440004348755
"background",51,51,1093,22.6019992828369,22.8939990997314
"background",52,52,1280,22.0590000152588,22.5060005187988
"background",53,53,916,23.4640007019043,23.8509998321533
"background",54,54,724,23.6079998016357,24.0090007781982
"background",55,55,2431,14.2609996795654,14.4350004196167
"background",56,56,2197,15.5059995651245,15.7349996566772
"background",57,57,1730,18.1709995269775,18.4759998321533
