"species","x","y","elev","wc2.1_10m_bio_1_s","wc2.1_10m_bio_10_s"
"species",1,1,1655,18.378999710083,18.6770000457764
"species",2,2,2197,15.5059995651245,15.7349996566772
"species",3,3,1834,17.7630004882812,18.0109996795654
"species",4,4,1388,20.4099998474121,20.701000213623
"species",5,5,1858,17.6000003814697,17.8939990997314
"species",6,6,1655,18.378999710083,18.6770000457764
"species",7,7,1773,18.0919990539551,18.2819995880127
"species",8,8,1834,17.7630004882812,18.0109996795654
"species",9,9,2179,15.6840000152588,15.91100025177
"species",10,10,1730,18.1709995269775,18.4759998321533
"species",11,11,2197,15.5059995651245,15.7349996566772
"species",12,12,1773,18.0919990539551,18.2819995880127
"species",13,13,1834,17.7630004882812,18.0109996795654
"species",14,14,1655,18.378999710083,18.6770000457764
"species",15,15,1840,17.3400001525879,17.5779991149902
"species",16,16,1864,17.4570007324219,17.6490001678467
"species",17,17,2197,15.5059995651245,15.7349996566772
"species",18,18,2197,15.5059995651245,15.7349996566772
"species",19,19,1464,21.0860004425049,21.6110000610352
"species",20,20,2197,15.5059995651245,15.7349996566772
"species",21,21,1464,21.0860004425049,21.6110000610352
"species",22,22,1182,22.1180000305176,22.6359996795654
"species",23,23,1394,20.1809997558594,20.507999420166
"species",24,24,1237,21.7159996032715,21.9759998321533
"species",25,25,1388,20.4099998474121,20.701000213623
"species",26,26,1296,22.0149993896484,22.4909992218018
"species",27,27,1773,18.0919990539551,18.2819995880127
"species",28,28,1172,22.1340007781982,22.3929996490479
"species",29,29,2197,15.5059995651245,15.7349996566772
"species",30,30,1864,17.4570007324219,17.6490001678467
"species",31,31,1840,17.3400001525879,17.5779991149902
"species",32,32,1296,22.0149993896484,22.4909992218018
"species",33,33,1876,17.7479991912842,18.0090007781982
"species",34,34,1464,21.0860004425049,21.6110000610352
"species",35,35,1886,17.9589996337891,18.318000793457
"species",36,36,1182,22.1180000305176,22.6359996795654
"species",37,37,2197,15.5059995651245,15.7349996566772
"species",38,38,2673,12.4680004119873,12.6700000762939
"species",39,39,1655,18.378999710083,18.6770000457764
"species",40,40,4006,5.01399993896484,5.25699996948242
"species",41,41,2197,15.5059995651245,15.7349996566772
"species",42,42,2179,15.6840000152588,15.91100025177
"species",43,43,1655,18.378999710083,18.6770000457764
"species",44,44,1864,17.4570007324219,17.6490001678467
"species",45,45,1540,19.55299949646,19.8110008239746
"species",46,46,1464,21.0860004425049,21.6110000610352
"species",47,47,2197,15.5059995651245,15.7349996566772
"species",48,48,4006,5.01399993896484,5.25699996948242
"species",49,49,1540,19.55299949646,19.8110008239746
"species",50,50,1464,21.0860004425049,21.6110000610352
"species",51,51,2673,12.4680004119873,12.6700000762939
"species",52,52,1655,18.378999710083,18.6770000457764
"species",53,53,2197,15.5059995651245,15.7349996566772
"species",54,54,1265,21.6909999847412,22.2600002288818
"species",55,55,1464,21.0860004425049,21.6110000610352
"species",56,56,1387,20.5259990692139,20.8059997558594
"species",57,57,1840,17.3400001525879,17.5779991149902
"species",58,58,1834,17.7630004882812,18.0109996795654
"species",59,59,1655,18.378999710083,18.6770000457764
"species",60,60,2191,15.7609996795654,16.0340003967285
"species",61,61,1540,19.55299949646,19.8110008239746
"species",62,62,1655,18.378999710083,18.6770000457764
"species",63,63,2721,12.4720001220703,12.6890001296997
"species",64,64,1834,17.7630004882812,18.0109996795654
"species",65,65,1557,19.5419998168945,19.7490005493164
"species",66,66,1773,18.0919990539551,18.2819995880127
"species",67,67,1655,18.378999710083,18.6770000457764
"species",68,68,1623,19.746000289917,20.3549995422363
"species",69,69,1858,17.6000003814697,17.8939990997314
"species",70,70,1655,18.378999710083,18.6770000457764
"species",71,71,1464,21.0860004425049,21.6110000610352
"species",72,72,1404,20.7240009307861,21.0300006866455
"species",73,73,1858,17.6000003814697,17.8939990997314
"species",74,74,1623,19.746000289917,20.3549995422363
"species",75,75,1840,17.3400001525879,17.5779991149902
"species",76,76,1655,18.378999710083,18.6770000457764
"species",77,77,2673,12.4680004119873,12.6700000762939
"species",78,78,1858,17.6000003814697,17.8939990997314
"species",79,79,1540,19.55299949646,19.8110008239746
"species",80,80,1858,17.6000003814697,17.8939990997314
"species",81,81,1840,17.3400001525879,17.5779991149902
"species",82,82,1237,21.7159996032715,21.9759998321533
"species",83,83,1773,18.0919990539551,18.2819995880127
"species",84,84,2197,15.5059995651245,15.7349996566772
"species",85,85,1490,20.0580005645752,20.2679996490479
"species",86,86,2197,15.5059995651245,15.7349996566772
"species",87,87,2197,15.5059995651245,15.7349996566772
"species",88,88,2197,15.5059995651245,15.7349996566772
"species",89,89,1557,19.5419998168945,19.7490005493164
"species",90,90,1182,22.1180000305176,22.6359996795654
"species",91,91,4006,5.01399993896484,5.25699996948242
"species",92,92,1543,19.867000579834,20.1159992218018
"species",93,93,1543,19.867000579834,20.1159992218018
"species",94,94,1237,21.7159996032715,21.9759998321533
"species",95,95,1886,17.9589996337891,18.318000793457
"species",96,96,2197,15.5059995651245,15.7349996566772
"species",97,97,1557,19.5419998168945,19.7490005493164
"species",98,98,2673,12.4680004119873,12.6700000762939
"species",99,99,1730,18.1709995269775,18.4759998321533
"species",100,100,2197,15.5059995651245,15.7349996566772
"species",101,101,2197,15.5059995651245,15.7349996566772
"species",102,102,1557,19.5419998168945,19.7490005493164
"species",103,103,2197,15.5059995651245,15.7349996566772
"species",104,104,1387,20.5259990692139,20.8059997558594
"species",105,105,1876,17.7479991912842,18.0090007781982
"species",106,106,1655,18.378999710083,18.6770000457764
"species",107,107,1834,17.7630004882812,18.0109996795654
"species",108,108,1864,17.4570007324219,17.6490001678467
"species",109,109,1154,22.4150009155273,22.6490001678467
"species",110,110,1540,19.55299949646,19.8110008239746
"species",111,111,1858,17.6000003814697,17.8939990997314
"species",112,112,1623,19.746000289917,20.3549995422363
"species",113,113,2721,12.4720001220703,12.6890001296997
"species",114,114,1557,19.5419998168945,19.7490005493164
"species",115,115,1840,17.3400001525879,17.5779991149902
"species",116,116,1404,20.7240009307861,21.0300006866455
"species",117,117,2721,12.4720001220703,12.6890001296997
"species",118,118,1730,18.1709995269775,18.4759998321533
"species",119,119,1540,19.55299949646,19.8110008239746
"species",120,120,1876,17.7479991912842,18.0090007781982
"species",121,121,1144,21.5480003356934,21.943000793457
"species",122,122,2179,15.6840000152588,15.91100025177
"species",123,123,1464,21.0860004425049,21.6110000610352
"species",124,124,1475,20.3390007019043,20.5919990539551
"species",125,125,1834,17.7630004882812,18.0109996795654
"species",126,126,1072,21.2819995880127,21.6299991607666
